232221310302120113030201
212212131404030231212212
112122311303020131212212
112122310212132313030201
122221312313030202011112
141312110111122231212212
141312111222213122121101
121121312223241401112131
011121222414131201112131
011112220313233331212212
011112222212130301112131
011112222212130322213132
122221310313233322121101
122221312212110101112131
122221312212110102011112
121121312223131432222112
121121312223132422213132
222131320111121332222112
011112212223131431323323
011112213222231331322212
011121221413231202011112
011121222423131222121102
020111122322213122121102
112122312313120222120201
112122312423131213030201
222131411213140441313222
112131322414131241313222
112131321413231222213141
112131322423131222213141
213132412313121111121303
213132411213140422213141
223231411213140422213141
121121312223131401112131
121121312223131431212212
121121313433232222121101
011121223424231331212212
011121221413231201112131
011121221213232422121101
221211013132221212112122
221211013132221232222112
221211012122231301112131
221211012122231322213132
221211012122231331212212
221211012221313232221211
221211012122122331322212
221211013121221231322212
112122312414131231323323
112122312414131222213132
112122313323131201112131
112122313424231331323323
122221310111121301112131
122221310111121322213132
122221310111121322121101
122221313222121122121101
011112132322322131323323
011112223233231322213132
011112213132332322121101
011112211323223231323323
232212113233342422121101
121121312223131431212212
121121312223132401112131
121121312313140422121101
011121221213030431212212
011121222423131201112131
011121222423131222121101
011112222122120231212212
011112222322213101112131
011112222322213102011112
011112222322213131212212
112122312414131201112131
112122311213140413030201
112122311213140402011112
112122312423131213030201
312122121303020101112131
312122121303020102011112
312122121303020122121101
312122121112130312112122
312122121112130322121102
312122120201111221221202
312122121112020322120201
312122120302120122120201
121121313233342422121101
121121313233232401112122
121121312423332201112122
011121224434333222121101
011112224434333201112122
011112213424232201112122
011112213132332343333231
011121220212131432222112
011121221413232431322212
011121223424231312112131
011121221413231212112131
011121221413231222213132
020111122322213131322212
011112223424141312112131
112122313424141312112131
121121312423332222121101
121121313433232222121101
011121223233232432222112
011112223433323121222313
011112223132332332222112
011112223233233431212212
011112213433323121222313
011112213433323122121101
011112213424232222121101
011112213132332334333231
011112212322323331322212
011112213132222331322212
111222233334241422121101
111222233233233422121101
121121311413030222121102
011121221213030431212212
011121220403130231212212
030212112414130431212212
112122310403020123131211
112122310403020131212212
112122311303020104030201
112122310302121322120201
112122311312020122120201
122221310403020123131211
122221311303020122121102
122221310403130222121101
121121312423223222121102
121121311413232422120201
121121312223132401112122
121121312223132402011112
121121312313140401112122
222131320111121322120201
011112212324140401112122
122221312324140401112122
213132410111121321222313
213132411312222322121101
213132411312222341313222
213132412212110112112122
223231410111121321222313
223231411413231201112122
011121221413232431212212
011121220212132302011112
011121221213031431212212
011121221413030212112122
020111122223130331212212
020111122322213122121101
011112222313030231212212
112122312313030223131211
112122312313030231212212
122221312313030222121101
011112223332314133232221
011112223233233422213141
213132413332314133232221
213132412423333422121101
213132412423333441313222
213132413433232222213132
121121311413232422121101
121121313233232412112122
121121312423332222121101
121121311323223222213132
222131320111121331212212
222131323323131222121101
011112221413233331212212
011112211413233321222313
011112211413233322121101
122221311413233322121101
222131412423223224232221
011121221222232424232221
