24221304365
24221304367
01020203124
01020203127
01020203134
01020203137
01020203142
01020203362
01020203527
01020203627
01020203652
01020203734
11020303132
03121203123
03121203132
03121203157
03121203175
03121203213
03121203231
03121203312
03121203321
03121203517
03121203571
03121203574
03121203715
03121203751
03121203754
13121303126
13121303142
13121303152
13121303162
13121303163
13121303164
13121303173
13121303256
13121303264
13121303426
13121303512
13121303612
13121303653
13121303672
02120203143
02120203152
02120203164
02120203364
02120203376
02120203436
02120203653
02120203672
02121314176
02121314237
02121314327
02121314362
02121314372
02121314623
02121314632
02121314732
12120303157
12120303175
13131203124
13131203125
13131203134
13131203136
13131203142
13131203153
13131203163
13131203172
13131203214
13131203251
13131203257
13131203275
13131203314
13131203357
13131203361
13131203375
13131203513
13131203524
13131203526
13131203531
13131203534
13131203537
13131203543
13131203562
13131203572
13131203613
13131203623
13131203624
13131203631
13131203653
13131203712
13131203721
13131203724
13131203725
13131203735
23131303124
23131303125
23131303134
23131303135
23131303143
23131303263
23131303524
23131303635
23131303673
23131303735
12032314154
12032314324
12032314514
12032314714
12031203157
12031203175
12031203517
12031203715
02021203124
02021203126
02021203134
02021203137
02021203143
02021203153
02021203162
02021203172
02021203214
02021203216
02021203257
02021203261
02021203275
02021203314
02021203317
02021203357
02021203371
02021203375
02021203513
02021203527
02021203531
02021203534
02021203537
02021203621
02021203632
02021203634
02021203672
02021203721
02021203724
02021203725
02021203734
02021203736
02021203742
02021203753
02021203763
24231303156
24231303235
24231303325
24231303632
23141203174
23141203234
23141203514
23141203714
13120203156
13120203326
13120203342
13120203352
13120203362
13120203364
13120203432
13120203532
13120203632
03232314157
03232314162
03232314175
03232314236
03232314327
03232314517
03232314532
03232314715
03232314751
13231303143
13231303152
13231303164
13231303265
13231303275
13231303356
13231303513
13231303536
13231303567
13231303613
13231303615
13231303625
13231303631
13231303642
13231303652
13231303725
13231303765
02010203126
02010203142
02010203152
02010203162
02010203163
02010203164
02010203173
02010203276
02010203357
02010203367
02010203567
02010203612
02010203617
02010203621
02010203643
02010203673
02010203712
02010203726
02010203765
02121303176
02121303243
02121303264
02121303423
12121304623
12121304645
12121304647
12121304654
12121304723
02221304265
02221304267
12020203124
12020203125
12020203134
12020203135
12020203143
12020203347
12020203354
12020203367
12020203374
12020203427
12020203435
12020203537
12020203632
12020203637
12020203735
23231304532
23231304562
23231304564
23231304632
23231304645
23231304647
23231304674
14121203157
14121203163
14121203175
14121203235
14121203326
14121203517
14121203571
14121203715
14121203723
12131303124
12131303127
12131303134
12131303137
12131303142
12131303245
12131303254
12131303265
12131303274
12131303427
12131303435
12131303527
12131303623
12131303625
12131303725
22131304231
22131304321
